post_id,user_id,user_name,fullname,content
2420170028458820,,jady.jin,Jady Jin,
