comment_id,post_id,user_id,user_name,fullname,content
1767698924018561,1767306180724502,,thaonguyen.thaonguyen.9615566,Thaonguyen Thaonguyen,"Chị làm ẩm bếp cho kem tẩy đa năng Sif lên,cho cho thấm một xíu rồi lấy dao cạo nhẹ là ra hết á c."
1767689797352807,1767306180724502,,toettttttttt,Phương Toét,có lau khô mặt bên ngoài của nồi/chảo trước khi đun không c ơi?
1767693357352451,1767306180724502,,Trang.1998.Ryuichfae,Nguyễn Ngọc Hân,Em cũng bị nhưng chưa nặng tới mức này dù có lau rửa hằng ngày chớ k bẩn đâu mà nó vẫn đóng két vào. Lau ướt thì sạch xong khô nó lại hiện ra. E dùng dao cạo bếp từ của Đức mới hết. Sau nấu nướng gì lau khô nồi chảo với tránh để tràn đồ ăn lúc đang nấu là đc.
1767780857343701,1767306180724502,,,Người tham gia ẩn danh 181,Ủ cái này là sạch nha c ơi
1767737780681342,1767306180724502,,duong.huy.779205,Dương Huy,"Nhà mình mua lưỡi dao chuyên cạo bếp,sạch bong"
1767740020681118,1767306180724502,,trau.coi.125,Gon's Mum,Vừa nấu xong c lấy miếng rửa chean c cọ nhé
1768018937319893,1767306180724502,,ha.thu.77398143,Trần Thu Hà,Kinh nghiệm của mình là cứ dùng bếp xong lau luôn vs nước lau bếp
1767694377352349,1767306180724502,100004710062418,,Vân Vân,E cũng bị nhưng bị ít
1767815674006886,1767306180724502,,thanhhuyen.trinh.90,Thanh Huyền,"E cũng dùng bếp hafele 7 năm rồi, nhưng chưa bị vậy"
1767725754015878,1767306180724502,100009217285438,,Nguyễn Thu Hương,Nấu xong lau ngay chắc k bận gì chứ
1767690334019420,1767306180724502,,nhungvincy99,Nhung Hồng Vũ,E dùng mấy năm rồi sao chưa gặp kiểu bị như này bao giờ 😂
1767688454019608,1767306180724502,,thanh.thach.98434997,Thanh Thanh,Miếng rửa chén của Scotch Brite + nước rửa chén. Xong lau qua vài lần nước nữa là sạch. E đã thử r. E sợ xước nhưng k s ạ.
1767761084012345,1767306180724502,,otterlemon,Otterlemon,Lấy dao cùn cạo nhẹ nông nông là đc đó bạn
1767799737341813,1767306180724502,,quynh.lee.3954,Lee Quỳnh,Trời. Em vừa hì hục lúc tối xong. Lấy 🔪 cạo chị ạ. Sạch bong mà hơi xước nhá. Đc cái nhìn nó mịn đỡ nhức mắt 😅
1768015547320232,1767306180724502,100009127614436,,Nguyễn Dung,"Bị vệt này thường là do trong lúc nấu, đồ ăn bị trào ra mà không lau sạch, để đồ ăn bị cháy trên bếp đó ạ. Kinh nghiệm của mình là nếu lỡ bị trào hay rớt thức ăn ra bếp thì cứ chịu khó lau luôn, lau sạch cả bếp cả đáy nồi thì sẽ không bị ạ."
1767710904017363,1767306180724502,,ngomailoan,Ngo Mai Loan,Ủ cifs hoặc denkmit tẩy đa năng rồi lấy bàn chải cọ là hết c oie
