post_id,user_id,user_name,fullname,content
1684850228981902,,thinh.tranhuu.56211,Trần Hữu Thịnh,mấy bác cho em xin cách fix với ạ vào tiktok trên web hay app ở microsoft store cx k đc =((
