comment_id,post_id,user_id,user_name,fullname,content
1933505740471988,1933500643805831,,ha.nguyen.297302,Hà Nguyễn,"Nghén mình chỉ uống ngũ cốc thôi mà đỡ hẳn, ngũ cốc mix thêm sữa tươi k đường dễ vào con mà lại thơm ngon"
1933502163805679,1933500643805831,,phuong.thao.395750,Phương Thảo,"Mình từ đầu thai kì mình nghén nhiều nên uống ngũ cốc loại nhiều thành phần 43 hạt thay sữa bầu mom ak. trvia đỡ nghén , con hấp thu tăng cân đều nên mẹ đỡ lo, nay siêu âm 35w bé nặng 3,3kg ☺️"
1933510757138153,1933500643805831,,nguyen.nu.8989,Nguyen Nu,Bột ngũ cốc Mẹ bầu MOMMY Bổ sung dinh dưỡng toàn diện giúp con tăng cân vượt chuẩn suốt cả thai kỳ
1933510633804832,1933500643805831,,nguyen.nu.8989,Nguyen Nu,"Bột ngũ cốc Mẹ bầu MOMMY 𝐛𝐨̂̉ 𝐬𝐮𝐧𝐠 𝐝𝐢𝐧𝐡 𝐝𝐮̛𝐨̛̃𝐧𝐠 đ𝐞̂̉ 𝐜𝐨́ 𝟏 𝐭𝐡𝐚𝐢 𝐤𝐲̀ 𝐤𝐡𝐨̉𝐞 𝐦𝐚̣𝐧𝐡 ,𝐛𝐞́ 𝐥𝐞̂𝐧 𝐜𝐚̂𝐧 𝐭𝐨̂́𝐭
•𝐓𝐇𝐎̛𝐌 𝐍𝐆𝐎𝐍 - 𝐃𝐄̂̃ 𝐔𝐎̂́𝐍𝐆, 𝐦𝐞̣ 𝐮𝐨̂́𝐧𝐠 𝐭𝐡𝐚𝐲 𝐚̆𝐧 ,𝐭𝐡𝐚𝐲 𝐬𝐮̛̃𝐚 𝐛𝐚̂̀𝐮 đ𝐞̂̀𝐮 đ𝐮̛𝐨̛̣𝐜.
• 𝐁𝐨̂̉ 𝐬𝐮𝐧𝐠 𝐧𝐡𝐢𝐞̂̀𝐮 𝐯𝐢𝐭𝐚𝐦𝐢𝐧 𝐧𝐡𝐨́𝐦 𝐁 , 𝐎𝐦𝐞𝐠𝐚𝟑 𝐭𝐨̂́𝐭 𝐜𝐡𝐨 𝐭𝐫𝐢́ 𝐧𝐚̃𝐨 𝐭𝐡𝐚𝐢 𝐧𝐡𝐢 , 𝐜𝐡𝐚̂́𝐭 𝐱𝐨̛ ,đ𝐚̣𝐦 ,𝐚𝐜𝐢𝐝𝐟𝐨𝐥𝐢𝐜 ,𝐜𝐚𝐧𝐱𝐢 ,𝐬𝐚̆́𝐭 ...𝐠𝐢𝐮́𝐩 𝐜𝐨𝐧 𝐩𝐡𝐚́𝐭 𝐭𝐫𝐢𝐞̂̉𝐧 𝐭𝐨𝐚̀𝐧 𝐝𝐢𝐞̣̂𝐧 𝐭𝐫𝐨𝐧𝐠 𝐛𝐮̣𝐧𝐠 𝐦𝐞̣ .
* 𝐆𝐢𝐮́𝐩 𝐦𝐞̣ 𝐡𝐞̂́𝐭 𝐧𝐠𝐡𝐞́𝐧 , 𝐚̆𝐧 𝐧𝐠𝐮̉ 𝐧𝐠𝐨𝐧, 𝐭𝐢𝐞̂𝐮 𝐡𝐨́𝐚 𝐭𝐨̂́𝐭, 𝐤𝐡𝐨̂𝐧𝐠 𝐛𝐢̣ 𝐭𝐚́𝐨
* 𝐌𝐞̣ 𝐧𝐡𝐚𝐧𝐡 𝐜𝐨́ 𝐬𝐮̛̃𝐚 𝐧𝐨𝐧 𝐬𝐚𝐮 𝐬𝐢𝐧𝐡.
* 𝐓𝐨̂́𝐭 𝐜𝐡𝐨 𝐦𝐞̣ 𝐛𝐚̂̀𝐮 𝐭𝐢𝐞̂̉𝐮 đ𝐮̛𝐨̛̀𝐧𝐠 𝐭𝐡𝐚𝐢 𝐤𝐲̀."
1933520907137138,1933500643805831,100078051814488,,Lê Tâm,M nghén ạ mom
1933504090472153,1933500643805831,100091754301321,,Khánh Vân,E uống ngũ cốc bầu MOMMY 43 hạt dễ uống hơn sữa bầu k bị tanh e nghén mà uống cảm thấy ngon lắm mom. Ngày nào cũng 2-3 ly uống với sữa tươi k đường thôi mà bé phát triển tốt. Tv mẹ lại ít tăng cân nữa mom
1933502853805610,1933500643805831,100075504734825,,Thu Phạm,"Nghén k ăn được gì bé dễ bị thiếu dinh dưỡng đấy m, trước mình nghén phải bổ sung uống ngũ cốc bầu MOMMY bên shop c Nguyen Nu thành phần chuyên về giảm nghén, trộm vía con cũng tăng cân nhanh m nhé"
1933506777138551,1933500643805831,100031297056800,,Thúy Hồng,"Uống ngũ cốc bầu Mommy bổ thai tăng kí bé nhanh . Mẹ ăn tốt với nhanh hết nghén ngẩm , mình đợt bầu toàn uống của bạn Nguyen Nu Ngũ cốc nhà b ấy tốt nên nhiều mom uống lắm"
1933510813804814,1933500643805831,,nguyen.nu.8989,Nguyen Nu,Bột ngũ cốc Mẹ bầu MOMMY
