post_id,user_id,user_name,fullname,content
1759238391531281,,duyennv.ng,Duyên Ng,"Các chị em ơi, mng cho e xin rì viu về nồi cơm điện lòng Inox với ạ...Nhà e sửa lại bếp sắm sửa các thứ khá đầy đủ r, còn mỗi nồi cơm điện dùng mãi cái cũ cũng 10 năm r, lớp chống dính tróc kha khá r huhu mỗi lần nấu nó dính lại cả gần nửa chén cơm.
Có loại nào lòng nồi inox mà 2 ngăn đc nữa thì càng tốt ạ, do ở nhà e với mẹ e ăn gạo lứt, ck e thì chỉ thích ăn gạo trắng, mỗi lần nấu hơi cồng kềnh.
E search thử google mà nó 1000 mẫu nồi hoa mắt chóng mặt mà toàn quảng cáo k biết chất lượng thế nào, e tha thiết xin rì viu thực tế đã sử dụng qua của các chị em xinh đẹp trong group nhà mình với ạaaaa. E cảm ơn mng nhìu ạ 🙏🙏🙏"
